3
64
154.24 139.2
154.88 139.8
156.8 144.0
157.44 146.4
160.0 154.2
163.84 167.4
166.4 179.4
167.68 192.6
168.96 208.2
168.96 221.4
167.68 240.6
165.12 251.4
158.72 270.6
152.32 285.0
142.08 301.8
133.12 313.8
121.6 325.8
112.64 334.2
101.12 341.4
92.8 345.6
81.92 349.2
72.96 349.2
65.28 349.2
55.04 346.2
51.84 343.2
44.8 335.4
40.96 324.6
39.68 318.6
38.4 306.6
38.4 293.4
39.68 274.2
42.24 261.0
47.36 241.8
52.48 231.0
60.16 217.8
69.12 207.0
78.08 201.0
94.72 193.2
108.8 188.4
120.32 186.0
131.2 186.0
142.08 186.0
152.96 186.0
159.36 187.8
165.12 191.4
172.16 198.6
176.64 209.4
180.48 218.4
183.04 237.6
184.32 258.0
184.32 273.6
184.32 294.0
184.32 308.4
181.76 325.2
180.48 338.4
177.92 346.2
176.0 354.6
175.36 357.6
174.08 359.4
174.08 360.6
174.08 360.0
174.08 359.4
174.08 358.8
174.08 357.6
67
291.84 121.2
291.84 123.6
291.84 133.2
291.84 149.4
293.12 162.6
295.68 178.2
296.96 191.4
298.24 211.8
298.24 229.8
299.52 240.6
303.36 256.2
305.92 267.0
308.48 273.0
310.4 277.2
311.68 281.4
313.6 285.0
314.24 286.8
314.88 288.6
315.52 290.4
315.52 291.0
315.52 291.6
315.52 292.2
315.52 292.8
314.24 294.0
313.6 294.0
312.96 294.6
311.04 295.8
310.4 296.4
309.12 297.0
307.2 297.6
305.92 298.8
305.28 298.8
304.64 299.4
304.0 299.4
305.28 300.0
308.48 300.0
317.44 300.0
338.56 300.0
353.92 300.0
378.24 300.0
397.44 300.0
416.64 300.0
432.0 300.0
444.8 301.2
456.32 302.4
462.72 303.0
463.36 303.0
463.36 303.6
463.36 304.2
458.24 309.0
454.4 313.2
446.08 321.6
442.24 324.6
432.64 337.8
424.96 348.6
416.0 361.8
409.6 372.6
398.08 388.2
390.4 399.0
385.28 408.6
378.88 417.6
373.76 428.4
373.12 435.6
371.84 439.2
371.84 442.2
371.84 443.4
372.48 444.0
219
397.44 111.0
402.56 120.6
408.96 135.0
414.08 147.0
417.28 154.8
418.56 163.2
421.12 172.8
422.4 184.8
422.4 189.6
422.4 199.8
421.12 205.8
419.84 212.4
418.56 216.0
416.64 218.4
415.36 220.2
414.08 222.0
412.16 223.2
409.6 224.4
408.32 224.4
406.4 225.0
403.2 225.0
401.28 224.4
395.52 221.4
390.4 217.2
385.28 213.6
382.08 211.2
375.68 203.4
368.0 196.2
364.16 191.4
357.12 181.8
352.0 172.2
348.8 163.2
344.96 153.0
343.68 142.8
343.68 138.0
343.68 128.4
344.96 123.0
347.52 117.0
349.44 111.0
353.28 106.8
359.04 99.6
365.44 94.2
370.56 90.6
380.8 85.2
389.12 82.2
392.96 81.0
398.08 80.4
402.56 79.2
406.4 78.6
407.68 78.6
409.6 78.6
410.88 78.6
412.16 79.8
412.8 82.2
414.72 89.4
414.72 94.2
414.72 108.0
414.72 121.2
414.72 130.8
413.44 147.0
412.16 160.2
409.6 175.8
408.32 189.0
407.68 196.8
402.56 213.0
401.28 221.4
397.44 233.4
393.6 243.0
390.4 251.4
388.48 257.4
385.28 265.8
382.72 271.8
380.8 277.8
380.16 280.2
378.24 285.0
378.24 285.6
377.6 286.8
377.6 287.4
377.6 286.8
380.16 285.6
386.56 280.2
391.68 274.8
396.8 271.2
405.76 262.8
413.44 254.4
422.4 246.0
433.92 236.4
444.16 228.0
455.68 216.0
464.64 206.4
473.6 199.2
484.48 188.4
496.0 178.8
504.96 172.8
510.72 169.2
520.96 163.8
530.56 157.8
542.08 151.8
552.32 147.0
557.44 145.2
565.76 141.6
570.88 139.2
575.36 136.8
578.56 135.6
581.12 133.8
583.04 133.2
583.68 133.2
583.68 132.6
584.32 132.6
583.68 132.6
583.04 131.4
579.2 130.8
576.64 129.6
573.44 129.0
571.52 129.0
567.68 129.0
562.56 128.4
554.24 128.4
546.56 128.4
540.8 129.0
537.6 130.2
532.48 130.8
528.0 132.6
524.16 134.4
518.4 135.6
515.2 137.4
509.44 139.2
507.52 139.8
505.6 140.4
504.32 140.4
503.68 141.0
503.68 141.6
503.68 143.4
502.4 149.4
500.48 153.6
498.56 157.8
497.92 161.4
495.36 165.6
494.72 168.6
491.52 174.6
490.24 176.4
486.4 181.8
485.76 184.2
482.56 188.4
480.0 191.4
476.16 195.0
474.88 196.8
472.32 199.2
471.68 200.4
470.4 202.2
469.76 202.8
468.48 204.0
467.84 205.2
467.2 205.8
466.56 206.4
465.92 207.0
465.92 207.6
464.64 208.2
463.36 209.4
461.44 210.0
460.16 211.2
459.52 211.2
458.24 212.4
457.6 212.4
456.96 213.0
456.32 213.0
456.32 211.8
456.32 210.6
456.32 206.4
456.32 203.4
456.32 201.0
456.32 195.0
456.32 192.6
456.96 184.8
456.96 180.0
458.24 174.0
458.88 169.8
459.52 165.6
459.52 160.8
460.8 157.8
460.8 154.8
461.44 153.0
461.44 150.6
462.08 148.8
462.72 147.6
462.72 146.4
463.36 145.2
464.0 144.6
464.0 144.0
464.0 143.4
464.64 143.4
464.64 142.8
465.28 142.8
465.28 142.2
465.28 143.4
464.0 145.2
462.72 150.0
460.16 153.6
456.32 160.2
453.12 166.2
448.64 173.4
446.08 178.2
441.6 184.8
433.28 196.2
428.16 202.2
425.6 207.6
421.76 211.2
416.0 219.0
413.44 222.0
410.88 226.8
409.6 228.0
407.68 231.0
406.4 232.8
405.76 234.0
405.12 235.8
404.48 236.4
404.48 237.6
404.48 238.2
403.84 238.8
