3
76
151.68 125.4
161.28 125.4
168.96 127.8
176.0 130.8
181.76 135.6
186.88 140.4
190.72 147.0
193.28 154.2
193.92 163.8
193.92 172.2
193.92 179.4
192.0 189.0
188.16 198.0
183.68 205.2
177.92 213.0
176.0 215.4
168.32 222.0
156.8 230.4
146.56 235.2
135.04 241.2
120.96 247.2
113.92 250.2
103.68 255.0
94.08 259.2
85.76 262.8
78.08 266.4
71.68 270.6
66.56 274.2
60.8 279.0
55.04 284.4
51.2 288.0
50.56 289.8
48.0 295.8
46.08 301.2
46.08 305.4
46.08 315.6
46.08 324.6
46.08 335.4
47.36 347.4
48.64 361.8
49.92 372.6
52.48 380.4
54.4 388.2
58.88 397.2
65.28 406.2
68.48 409.8
70.4 412.2
73.6 415.2
77.44 416.4
78.72 417.0
80.0 417.0
81.28 417.0
82.56 417.0
83.84 416.4
85.12 415.2
86.4 414.0
89.6 409.8
93.44 405.6
94.08 403.2
98.56 398.4
102.4 392.4
105.6 387.0
114.56 373.8
117.76 366.0
122.24 360.0
126.72 352.8
132.48 342.6
135.68 338.4
142.08 331.8
144.0 328.2
145.28 325.2
145.92 324.6
146.56 322.8
147.2 321.6
147.2 321.0
147.2 320.4
24
291.84 108.6
291.84 113.4
290.56 124.8
290.56 132.6
290.56 143.4
289.28 157.8
289.28 171.0
289.28 189.0
289.28 202.2
289.28 208.2
290.56 226.8
291.84 240.0
293.12 252.0
295.68 264.0
298.24 273.0
300.8 287.4
303.36 296.4
304.64 303.6
306.56 310.2
307.2 315.0
309.12 319.8
311.04 324.0
311.04 324.6
311.04 325.8
99
417.92 159.6
419.2 160.2
420.48 160.2
421.76 160.8
424.32 160.8
428.16 160.8
432.64 160.8
436.48 160.8
441.6 159.6
445.44 159.6
454.4 157.2
456.96 156.0
464.0 153.6
468.48 150.6
469.76 149.4
472.32 147.6
474.88 145.2
478.08 141.0
480.0 138.6
480.0 137.4
481.28 134.4
481.28 131.4
481.28 127.8
481.28 124.8
481.28 121.2
481.28 118.2
480.0 115.2
479.36 114.0
478.08 112.2
475.52 109.8
473.6 108.0
471.04 106.8
467.2 105.0
463.36 103.2
460.16 102.0
453.76 100.2
449.92 99.6
446.08 98.4
441.6 98.4
439.68 98.4
435.84 98.4
432.64 98.4
428.8 98.4
426.88 99.6
423.68 100.2
421.12 101.4
417.92 103.8
414.08 106.2
408.32 111.6
404.48 115.2
400.64 120.0
395.52 126.6
391.04 131.4
387.2 137.4
384.0 144.0
382.08 146.4
380.16 151.2
376.96 160.8
376.32 165.6
375.04 174.0
375.04 178.8
375.04 189.0
375.04 193.8
378.24 204.0
383.36 214.8
385.28 218.4
389.12 225.0
394.88 231.0
401.92 238.8
408.96 244.2
414.08 247.8
419.84 251.4
427.52 255.6
435.2 258.6
440.96 260.4
448.0 262.2
455.04 263.4
464.0 264.6
469.76 264.6
478.08 265.2
485.76 265.2
492.8 265.2
505.6 265.2
510.08 264.6
518.4 262.8
522.88 262.8
527.36 261.0
533.12 259.2
536.96 258.6
539.52 256.8
541.44 256.2
543.36 255.0
545.28 253.8
546.56 253.2
547.2 252.0
547.84 252.0
548.48 251.4
548.48 250.8
549.76 250.8
